000 107100100000 00000000 00000100 00000000 00000000 00000000 00000000 00000000 00000000 00000000 00000000 00000000 00000000 00000000 00000000 00000000 00000000
001 108100102000 00000000 00000102 00000000 00000000 00000000 00000000 00000000 f0000000 00000000 00000000 00000000 00000000 00000000 00000000 00000000 00000000
002 109100104000 00000000 00000104 00000000 00000000 00000000 00000000 00000000 f0000000 b0000000 00000000 00000000 00000000 00000000 00000000 00000000 00000000
003 077710002000 00000000 00000002 00000000 00000000 00000000 00000000 00000000 f0000000 b0000000 70000000 00000000 00000000 00000000 00000000 00000000 00000000
004 078810001000 00000000 00000001 00000000 00000000 00000000 00000000 00000000 fc000000 b0000000 70000000 00000000 00000000 00000000 00000000 00000000 00000000
005 079910001000 00000000 00000001 00000000 00000000 00000000 00000000 00000000 fc000000 d8000000 70000000 00000000 00000000 00000000 00000000 00000000 00000000
006 117100101000 00000000 00000101 00000000 00000000 00000000 00000000 00000000 fc000000 d8000000 38000000 00000000 00000000 00000000 00000000 00000000 00000000
007 118100103000 00000000 00000103 00000000 00000000 00000000 00000000 00000000 fc000000 d8000000 38000000 00000000 00000000 00000000 00000000 00000000 00000000
008 119100105000 00000000 00000105 00000000 00000000 00000000 00000000 00000000 fc000000 d8000000 38000000 00000000 00000000 00000000 00000000 00000000 00000000
009 150000000000 00000000 00000000 00000000 00000000 00000000 00000000 00000000 fc000000 d8000000 38000000 00000000 00000000 00000000 00000000 00000000 00000000
